# Created by Octave 6.2.0, Sun May 22 19:22:14 2022 UTC <www-data@ed656cc9a0de>
# name: y
# type: matrix
# rows: 501
# columns: 1
 0
 -0.0030230162590563076
 -0.0035669375218651557
 -0.0040004167042546925
 -0.004341425469954566
 -0.0045897001395066141
 -0.0047463935694647078
 -0.0048141313780467104
 -0.004796884500739956
 -0.0046998251293790937
 -0.004529170711884664
 -0.0042920193332536037
 -0.0039961797417709614
 -0.0036499991868799682
 -0.0032621920900515414
 -0.0028416723824176643
 -0.002397392118470551
 -0.0019381887196752621
 -0.0014726429214743581
 -0.0010089491980261865
 -0.00055480012722285447
 -0.00011728584005118612
 0.00029719062106923089
 0.00068298152528544669
 0.0010352460533909896
 0.0013499853620471203
 0.0016240614723248099
 0.0018552005941175976
 0.0020419817246199014
 0.0021838115585921733
 0.0022808869187452372
 0.0023341460550629495
 0.0023452102716124473
 0.0023163174182862555
 0.0022502488334245757
 0.0021502513423094574
 0.0020199559074772309
 0.0018632944914273517
 0.0016844166327217511
 0.0014876071550620684
 0.0012772063283257454
 0.0010575336835307765
 0.00083281655319355401
 0.00060712426751484286
 0.0003843087882519137
 0.00016795240894307848
 -3.8677004814366769e-05
 -0.00023266291536193535
 -0.00041146898414090192
 -0.00057295988965734611
 -0.0007154142047398203
 -0.00083752957267235403
 -0.00093842053754896598
 -0.0010176094873324266
 -0.0010750112576004131
 -0.0011109120191044918
 -0.0011259431326124708
 -0.0011210506998877274
 -0.0010974615701763698
 -0.0010566465775651941
 -0.0010002817866058165
 -0.0009302085124409166
 -0.00084839285826263057
 -0.00075688547837803174
 -0.00065778223067407748
 -0.00055318632918262495
 -0.00044517254713297193
 -0.00033575395477379978
 -0.00022685160579324296
 -0.00012026751279964679
 -1.7661177447763493e-05
 7.9470134248100371e-05
 0.00016980725480948613
 0.00025222107144399824
 0.00032578059878733733
 0.00038975725554929843
 0.0004436254912073799
 0.00048705996188538143
 0.00051992950115454725
 0.00054228817128475345
 0.00055436371317509666
 0.00055654373866416071
 0.00054936002714703162
 0.00053347129951872817
 0.00050964484664500678
 0.00047873738715853041
 0.00044167552080950955
 0.00039943612936378745
 0.00035302705770263836
 0.00030346838395588997
 0.00025177455985156937
 0.00019893767167585138
 0.00014591203900501991
 9.3600333395684864e-05
 4.2841363189030559e-05
 -5.6003658340298725e-06
 -5.1043240382287608e-05
 -9.2895241935472914e-05
 -0.00013065875708959248
 -0.00016393352374580346
 -0.00019241777068001184
 -0.00021590763511097379
 -0.0002342949669862952
 -0.00024756364959427563
 -0.00025578458361819045
 -0.00025910949577802886
 -0.00025776374371697932
 -0.00025203829581110651
 -0.00024228106819333206
 -0.00022888780162192692
 -0.00021229265807163559
 -0.00019295871130620796
 -0.0001713684974636487
 -0.0001480147811381595
 -0.00012339167988625367
 -9.7986275845353497e-05
 -7.2270827567663849e-05
 -4.6695678579558239e-05
 -2.1682941914165019e-05
 2.37897773889802e-06
 2.5139980252037938e-05
 4.6291957988613304e-05
 6.5571565592577926e-05
 8.2762077797332492e-05
 9.7694356397260394e-05
 0.00011024696129397936
 0.00012034545291971606
 0.00012796094422323247
 0.00013310796968291766
 0.00013584174642309156
 0.00013625490842102388
 0.00013447379900188416
 0.00013065440935379046
 0.00012497805170884422
 0.00011764685520632319
 0.00010887917038030371
 9.8904964813758319e-05
 8.7961287907954971e-05
 7.6287877075633444e-05
 6.4122971133880567e-05
 5.1699389409143922e-05
 3.9240927236333569e-05
 2.6959110301027003e-05
 1.5050341799726936e-05
 3.6934678345292883e-06
 -6.9522220359171695e-06
 -1.674855045834733e-05
 -2.5579563488875318e-05
 -3.3352204182130352e-05
 -3.9996562375884184e-05
 -4.5465720816170816e-05
 -4.9735223399868887e-05
 -5.280219618660929e-05
 -5.4684155911146996e-05
 -5.54175439881361e-05
 -5.5056026435720308e-05
 -5.3668601759077235e-05
 -5.1337559649837147e-05
 -4.8156333404562358e-05
 -4.4227288288354542e-05
 -3.9659486721284418e-05
 -3.4566469206841113e-05
 -2.9064087421084347e-05
 -2.326842291169905e-05
 -1.72938214947683e-05
 -1.1251069762659074e-05
 -5.2457362088456985e-06
 6.233045860633453e-07
 6.2651504013971557e-06
 1.1597942292208147e-05
 1.6549721883848522e-05
 2.1059072898170494e-05
 2.5075548516580518e-05
 2.8559889695034708e-05
 3.1484042768223884e-05
 3.383098757702525e-05
 3.5594389894825964e-05
 3.6778094092057827e-05
 3.7395473749734284e-05
 3.7468659304494816e-05
 3.7027662779695516e-05
 3.6109420235919294e-05
 3.4756772772885983e-05
 3.3017406751484259e-05
 3.0942773403231597e-05
 2.858700718256146e-05
 2.6005861126612677e-05
 2.3255676151880383e-05
 2.0392399673759085e-05
 1.7470667221571295e-05
 1.4542958876685719e-05
 1.1658840423413915e-05
 8.8642971094372337e-06
 6.2011659012644639e-06
 3.7066701254993839e-06
 1.4130584411512458e-06
 -6.5265177830002574e-07
 -2.4688283349776942e-06
 -4.0192786818914368e-06
 -5.2932097782711074e-06
 -6.2850994357282856e-06
 -6.9944864037074263e-06
 -7.4256873929378492e-06
 -7.587449993530157e-06
 -7.4925510079827326e-06
 -7.1573500905492554e-06
 -6.6013087679072519e-06
 -5.8464849195275989e-06
 -4.9170126299466835e-06
 -3.8385770017410233e-06
 -2.6378930519151828e-06
 -1.3421972216700814e-06
 2.1240672658674048e-08
 1.425578013173126e-06
 2.844826310400856e-06
 4.2542392417943206e-06
 5.6306575064372748e-06
 6.9528071765514662e-06
 8.2015491992262421e-06
 9.360078658213547e-06
 1.0414073330494277e-05
 1.1351791951849308e-05
 1.216412342776264e-05
 1.2844588979980809e-05
 1.3389299896331228e-05
 1.3796874144853671e-05
 1.4068315617843385e-05
 1.4206860183611954e-05
 1.4217793042043021e-05
 1.4108242104370061e-05
 1.3886952249699512e-05
 1.3564045353669802e-05
 1.3150770942711981e-05
 1.2659252206235431e-05
 1.2102231905282684e-05
 1.1492822457207039e-05
 1.0844264159854886e-05
 1.0169695154138222e-05
 9.4819363196940731e-06
 8.7932938636768772e-06
 8.1153819065553703e-06
 7.4589669001134777e-06
 6.8338352402336731e-06
 6.248684968649873e-06
 5.7110420013072039e-06
 5.2272008833542313e-06
 4.8021896582135445e-06
 4.4397580563561474e-06
 4.1423878627852399e-06
 3.9113240147500318e-06
 3.7466247157888662e-06
 3.6472286307773563e-06
 3.6110370505758674e-06
 3.6350087843869429e-06
 3.7152654526247803e-06
 3.8472048119004773e-06
 4.0256197446544156e-06
 4.2448205867158008e-06
 4.4987585435946054e-06
 4.7811480571812413e-06
 5.0855861250531653e-06
 5.4056667406019582e-06
 5.73508880946259e-06
 6.0677561019672858e-06
 6.3978680179903845e-06
 6.7200001654058733e-06
 7.0291739820483624e-06
 7.3209148596323909e-06
 7.5912984525356234e-06
 7.836985071325072e-06
 8.0552422670383296e-06
 8.2439559047778679e-06
 8.4016302016251543e-06
 8.5273773621904678e-06
 8.6208975837100306e-06
 8.6824503202215242e-06
 8.7128177912788353e-06
 8.7132617944676513e-06
 8.6854749327953777e-06
 8.6315273981080881e-06
 8.5538104608834202e-06
 8.4549778060715418e-06
 8.3378858254001993e-06
 8.2055339303290474e-06
 8.0610058883529186e-06
 7.9074131105446102e-06
 7.7478407321009135e-06
 7.5852972323195433e-06
 7.422668238046045e-06
 7.2626750472282522e-06
 7.1078382990479201e-06
 6.9604471059927196e-06
 6.8225338532958493e-06
 6.6958547639932309e-06
 6.5818762252974755e-06
 6.4817667752691682e-06
 6.3963945594151805e-06
 6.3263299857588447e-06
 6.2718532350828152e-06
 6.2329662211236224e-06
 6.2094085439261953e-06
 6.2006769386206521e-06
 6.2060476917332949e-06
 6.2246014775110131e-06
 6.2552500575351576e-06
 6.2967642874864165e-06
 6.3478028849493599e-06
 6.4069414306634938e-06
 6.4727011020474998e-06
 6.5435766710914348e-06
 6.6180633379831974e-06
 6.6946820160263508e-06
 6.7720027315475682e-06
 6.8486658535153906e-06
 6.9234009204763303e-06
 6.9950428861951207e-06
 7.0625456590213929e-06
 7.1249928627562659e-06
 7.1816057976297094e-06
 7.2317486283363097e-06
 7.2749308711720674e-06
 7.3108072935995465e-06
 7.3391753765725092e-06
 7.3599705223146086e-06
 7.3732592176783268e-06
 7.3792303854976378e-06
 7.3781851735134005e-06
 7.3705254423550234e-06
 7.3567412209444606e-06
 7.3373973996167415e-06
 7.3131199285819334e-06
 7.2845817822540793e-06
 7.2524889389788405e-06
 7.2175666110769685e-06
 7.1805459424300125e-06
 7.1421513704859364e-06
 7.1030888270599141e-06
 7.0640349282271794e-06
 7.0256272782791458e-06
 6.9884559868297648e-06
 6.9530564720662533e-06
 6.9199035972931054e-06
 6.8894071627891018e-06
 6.8619087509620008e-06
 6.8376799001006183e-06
 6.8169215611283904e-06
 6.7997647727803014e-06
 6.7862724738671984e-06
 6.7764423568139436e-06
 6.7702106546670138e-06
 6.7674567442331177e-06
 6.768008441081913e-06
 6.7716478575658053e-06
 6.7781176930170432e-06
 6.7871278254865927e-06
 6.7983620768330595e-06
 6.8114850274333776e-06
 6.8261487630241757e-06
 6.8419994441130255e-06
 6.8586835976652306e-06
 6.8758540411749565e-06
 6.8931753606266306e-06
 6.9103288758269078e-06
 6.927017039041073e-06
 6.9429672255156248e-06
 6.9579348870650419e-06
 6.9717060522593403e-06
 6.9840991687216553e-06
 6.9949662943212185e-06
 7.0041936546393242e-06
 7.011701593739178e-06
 7.0174439539185535e-06
 7.0214069276836738e-06
 7.0236074315595774e-06
 7.0240910565746127e-06
 7.0229296542023353e-06
 7.0202186192936181e-06
 7.016073933126428e-06
 7.0106290300697878e-06
 7.0040315507027134e-06
 6.9964400425141446e-06
 6.9880206666969591e-06
 6.9789439660723415e-06
 6.9693817449805774e-06
 6.9595041072034215e-06
 6.9494766926445767e-06
 6.9394581478396215e-06
 6.9295978593893019e-06
 6.9200339733559157e-06
 6.9108917174838698e-06
 6.9022820370920682e-06
 6.8943005495356903e-06
 6.8870268165443366e-06
 6.8805239283988365e-06
 6.8748383890340076e-06
 6.8700002867150625e-06
 6.8660237309984065e-06
 6.862907533349092e-06
 6.8606361059509249e-06
 6.8591805510768121e-06
 6.8584999117367838e-06
 6.8585425533002412e-06
 6.8592476453513927e-06
 6.8605467130646025e-06
 6.8623652280568395e-06
 6.8646242096350243e-06
 6.8672418089728293e-06
 6.870134850496621e-06
 6.873220307048334e-06
 6.8764166878143053e-06
 6.8796453206736337e-06
 6.882831513471948e-06
 6.8859055816490426e-06
 6.8888037326091459e-06
 6.8914688001811553e-06
 6.8938508254435225e-06
 6.8959074829536178e-06
 6.8976043541215011e-06
 6.8989150518667178e-06
 6.8998212030485853e-06
 6.9003122971081007e-06
 6.900385411177587e-06
 6.9000448233371044e-06
 6.899301527002466e-06
 6.8981726602419802e-06
 6.8966808645398205e-06
 6.8948535878327055e-06
 6.8927223467389435e-06
 6.890321962744507e-06
 6.8876897866749533e-06
 6.8848649251887321e-06
 6.8818874821609255e-06
 6.8787978268819092e-06
 6.8756358998379313e-06
 6.8724405655647136e-06
 6.8692490208014344e-06
 6.8660962646675816e-06
 6.8630146362593999e-06
 6.8600334235400032e-06
 6.8571785460150823e-06
 6.8544723122953254e-06
 6.8519332523204676e-06
 6.8495760227630861e-06
 6.8474113830334707e-06
 6.8454462381897438e-06
 6.8436837442264684e-06
 6.8421234703601973e-06
 6.8407616123236994e-06
 6.8395912501497715e-06
 6.8386026435408691e-06
 6.8377835577152282e-06
 6.8371196124804995e-06
 6.8365946473492381e-06
 6.8361910956129396e-06
 6.8358903605849133e-06
 6.8356731875471137e-06
 6.8355200254039891e-06
 6.8354113725360363e-06
 6.8353281019641748e-06
 6.8352517615249964e-06
 6.8351648454551689e-06
 6.8350510344541808e-06
 6.8348954020084479e-06
 6.8346845854268083e-06
 6.8344069207534365e-06
 6.8340525413604185e-06
 6.8336134406475971e-06
 6.8330834998454187e-06
 6.832458482488972e-06
 6.8317359975329957e-06
 6.8309154335503483e-06
 6.8299978667912299e-06
 6.8289859461207088e-06
 6.8278837581279249e-06
 6.8266966758044265e-06
 6.825431194264122e-06
 6.8240947570501892e-06
 6.8226955764454783e-06
 6.8212424511968767e-06
 6.819744584825576e-06
 6.8182114075832946e-06
 6.8166524048230738e-06
 6.815076954286986e-06
 6.813494174567631e-06
 6.8119127866286301e-06
 6.8103409899622838e-06
 6.8087863546394643e-06
 6.8072557301464276e-06
 6.8057551715784009e-06
 6.8042898834219656e-06
 6.802864180898479e-06
 6.8014814684600085e-06
 6.8001442348566456e-06
 6.7988540638718419e-06
 6.797611659683199e-06
 6.7964168855398632e-06
 6.7952688143739504e-06
 6.794165789796025e-06
 6.7931054958457297e-06
 6.7920850338352642e-06
 6.7911010045830847e-06


